0.7527
0.8487
0.812
0.8213
0.9317
0.8334
0.8997
0.8542
0.7871
0.8599
0.8093
0.7649
0.5926
0.8398
0.8219
0.7716
0.8167
0.8431
0.8108
0.8618
0.7541
0.8182
0.8189
0.8427
0.8419
0.7846
0.7896
0.7647
0.8307
0.8106
0.8622
0.7926
0.6931
0.7407
0.7492
0.7967
0.7098
0.7941
0.8288
0.7674
0.7099
0.7416
0.7514
0.8491
0.8169
0.8244
0.7325
0.8539
0.8561
0.8379
0.8944
0.8216
0.772
0.7376
0.8303
0.8038
0.8448
0.8046
0.7723
0.8494
0.7289
0.7832
0.792
0.819
0.819
0.6861
0.8413
0.8208
0.7098
0.6903
0.8271
0.8506
0.8393
0.9037
0.8194
0.8235
0.7569
0.7941
0.8118
0.7532
0.7778
0.8573
0.7996
0.8684
0.8122
0.8208
0.7692
0.8594
0.7955
0.7939
0.8511
0.8609
0.8416
0.7095
0.791
0.767
0.8841
0.7784
0.7534
0.687
0.7762
0.8618
0.8536
0.8003
0.7519
0.8247
0.7812
0.6989
0.7815
0.8476
0.7168
0.9016
0.7739
0.7338
0.8328
0.7873
0.8817
0.6841
0.817
0.8589
0.8891
0.7468
0.757
0.6488
0.8763
0.7593
0.7607
0.7154
0.7935
0.8082
0.7155
0.8047
0.7076
0.8261
0.7955
0.7698
0.8097
0.708
0.7841
0.7221
0.8792
0.8329
0.8494
0.7715
0.7784
0.7986
0.8272
0.792
0.8647
0.8382
0.6308
0.7078
0.9167
0.8393
0.8571
0.6933
0.7479
0.7907
0.7663
0.6573
0.6921
0.7954
0.773
0.8135
0.769
0.823
0.8104
0.8539
0.9426
0.8045
0.7729
0.8162
0.7386
0.7871
0.8489
0.7591
0.812
0.8783
0.8459
0.8133
0.7604
0.7951
0.8119
0.7414
0.839
0.734
0.8083
0.7304
0.7736
0.8152
0.7943
0.8665
0.8724
0.7042
0.7942
0.7745
0.7408
0.879
0.8714
0.7659
0.6864
0.7555
0.7824
0.8051
0.7819
0.6886
0.7625
0.7635
0.81
0.7378
0.9142
0.737
0.7463
0.755
0.8666
0.7962
0.859
0.7352
0.85
0.7791
0.8591
0.7779
0.7352
0.7306
0.7821
0.8775
0.6733
0.6916
0.7631
0.7473
0.7442
0.8342
0.7955
0.8132
0.7911
0.8905
0.837
0.7178
0.8408
0.7813
0.7474
0.7869
0.9716
0.7376
0.664
0.7343
0.7333
0.771
0.8512
0.7742
0.7766
0.8471
0.7823
0.7708
0.7043
0.7671
0.7976
0.8228
0.7809
0.8498
0.8172
0.8673
0.8232
0.8139
0.8779
0.8033
0.8186
0.717
0.7299
0.6993
0.7891
0.7444
0.8409
0.8396
0.6829
0.7509
0.7967
0.8827
0.8579
0.8003
0.7924
0.7777
0.8061
0.7971
0.7827
0.7469
0.8319
0.8047
0.7714
0.7356
0.8467
0.8301
0.8388
0.8588
0.8696
0.8235
0.7996
0.8869
0.6136
0.7925
0.7305
0.6713
0.7977
0.7764
0.8223
0.7264
0.7599
0.7876
0.8422
0.7521
0.8351
0.852
0.796
0.7802
0.8129
0.8161
0.8709
0.7313
0.81
0.8398
0.7762
0.8077
0.8054
0.7032
0.8495
0.7238
0.8106
0.7845
0.8425
0.7786
0.7729
0.8527
0.8452
0.8631
0.8664
0.8343
0.7493
0.8797
0.7284
0.8745
0.8099
0.7714
0.7143
0.7743
0.8218
