0.6942
0.7652
0.7892
0.7293
0.8483
0.7324
0.8346
0.6378
0.8124
0.8923
0.7056
0.8226
0.7944
0.7505
0.844
0.7945
0.6934
0.8517
0.738
0.83
0.5604
0.7825
0.755
0.7764
0.7599
0.7331
0.7885
0.6495
0.8303
0.7072
0.6943
0.7926
0.8075
0.7544
0.7825
0.9627
0.8754
0.7049
0.8385
0.6205
0.6791
0.8281
0.7225
0.741
0.8995
0.8329
0.834
0.7063
0.827
0.8186
0.7798
0.6878
0.7408
0.7528
0.6801
0.8278
0.819
0.7865
0.6784
0.8114
0.7786
0.8499
0.7614
0.7038
0.7876
0.7629
0.7507
0.7599
0.6777
0.768
0.7417
0.7882
0.9007
0.7337
0.7102
0.9
0.845
0.774
0.8136
0.7561
0.8208
0.7511
0.7927
0.821
0.7318
0.7267
0.7164
0.875
0.8905
0.7563
0.7076
0.7485
0.62
0.8092
0.7231
0.7752
0.6846
0.8675
0.8399
0.6971
0.7921
0.7648
0.8001
0.8217
0.6667
0.7398
0.7018
0.6761
0.6652
0.8226
0.8636
0.7532
0.7691
0.8111
0.7097
0.7232
0.8398
0.7129
0.8097
0.743
0.8878
0.7206
0.9272
0.7256
0.6694
0.7191
0.8083
0.7205
0.6957
0.8032
0.7054
0.8664
0.7743
0.7785
0.8335
0.7967
0.6573
0.7796
0.8515
0.8855
0.7383
0.6519
0.8228
0.8201
0.6644
0.7639
0.7447
0.7588
0.6898
0.8012
0.8963
0.7998
0.8356
0.7983
0.8402
0.7814
0.7449
0.7801
0.7337
0.7269
0.6785
0.8855
0.8041
0.7981
0.7614
0.8119
0.7511
0.7334
0.8538
0.8261
0.6779
0.8537
0.7707
0.9079
0.7553
0.7637
0.6674
0.8143
0.7949
0.8286
0.7796
0.7667
0.7788
0.833
0.7469
0.8363
0.9257
0.8328
0.7951
0.7006
0.8745
0.7696
0.8579
0.6547
0.636
0.7766
0.7624
0.7116
0.8379
0.8096
0.7025
0.8397
0.8229
0.6496
0.797
0.7773
0.7845
0.847
0.7772
0.7073
0.5474
0.8232
0.8271
0.7057
0.7527
0.688
0.7693
0.841
0.7912
0.817
0.7242
0.7369
0.7217
0.7673
0.8486
0.7629
0.8559
0.8662
0.7367
0.7268
0.7743
0.8593
0.7095
0.7295
0.8902
0.914
0.8803
0.7673
0.6519
0.8406
0.6263
0.8056
0.8692
0.8358
0.8146
0.7281
0.7678
0.64
0.8377
0.8026
0.8001
0.7794
0.7005
0.7917
0.7414
0.6911
0.876
0.7637
0.7505
0.618
0.7128
0.9858
0.8282
0.8224
0.8534
0.7126
0.8281
0.9112
0.7007
0.6924
0.8974
0.8227
0.7083
0.6909
0.7645
0.7824
0.7721
0.6507
0.8078
0.777
0.6722
0.6742
0.5652
0.8488
0.7648
0.7869
0.8068
0.811
0.9086
0.8309
0.786
0.7055
0.851
0.7506
0.7204
0.8653
0.8461
0.765
0.885
0.8048
0.6371
0.8688
0.8617
0.7713
0.691
0.7988
0.7406
0.7297
0.6586
0.8794
0.7937
0.7314
0.7833
0.8434
0.9046
0.8037
0.6999
0.6952
0.8195
0.8465
0.6795
0.8077
0.7466
0.8553
0.7586
0.79
0.7265
0.7961
0.8243
0.7182
0.7886
0.7527
0.7594
0.8983
0.8003
0.6523
0.7784
0.8486
0.6885
0.7159
0.7342
0.7695
0.7833
0.8658
0.8325
