0.7257
0.6319
0.7784
0.6736
0.7922
0.7221
0.727
0.6707
0.7967
0.7314
0.7962
0.7343
0.6593
0.7348
0.8287
0.7265
0.7078
0.769
0.8587
0.6872
0.7207
0.7238
0.754
0.837
0.769
0.7336
0.7313
0.8017
0.8042
0.7064
0.8182
0.7407
0.8208
0.7114
0.7615
0.7764
0.7764
0.7366
0.715
0.7204
0.6888
0.781
0.6629
0.7362
0.7944
0.7339
0.7942
0.6689
0.7432
0.7632
0.6822
0.7553
0.6735
0.7923
0.7386
0.6575
0.7528
0.7001
0.7965
0.7489
0.6657
0.816
0.8107
0.7063
0.8658
0.7888
0.647
0.6906
0.7222
0.7319
0.7835
0.7782
0.7979
0.7781
0.733
0.7907
0.7449
0.7639
0.6851
0.7412
0.8011
0.7439
0.7502
0.7001
0.7725
0.7697
0.7006
0.7978
0.7776
0.7519
0.8309
0.6994
0.81
0.7088
0.7907
0.7588
0.7208
0.754
0.774
0.6934
0.7819
0.8066
0.767
0.789
0.7923
0.7576
0.7862
0.7136
0.8092
0.7796
0.7086
0.7649
0.8021
0.7309
0.675
0.8186
0.8132
0.7053
0.7391
0.7074
0.7148
0.789
0.7233
0.7116
0.7616
0.7384
0.7249
0.7713
0.8261
0.7181
0.7005
0.7467
0.6922
0.803
0.7975
0.7599
0.7195
0.7354
0.7493
0.7572
0.7081
0.754
0.7076
0.7681
0.628
0.7891
0.7532
0.6786
0.7747
0.7295
0.8174
0.7782
0.6912
0.821
0.7517
0.816
0.6786
0.7408
0.7796
0.8144
0.7508
0.8976
0.7449
0.7788
0.7452
0.7566
0.7426
0.7067
0.7805
0.6864
0.7174
0.8036
0.7386
0.7698
0.6623
0.7877
0.7796
0.7647
0.7556
0.7444
0.8083
0.6756
0.7114
0.7361
0.7961
0.728
0.7813
0.7695
0.7372
0.6997
0.7353
0.702
0.7937
0.7923
0.7775
0.7606
0.8014
0.6995
0.7397
0.723
0.7237
0.77
0.8012
0.7387
0.6954
0.7077
0.8233
0.8214
0.7323
0.7057
0.747
0.7847
0.8017
0.8312
0.7775
0.735
0.7831
0.73
0.7062
0.8211
0.7377
0.7423
0.7663
0.807
0.6416
0.7383
0.806
0.7521
0.7315
0.7377
0.7793
0.7387
0.6732
0.7333
0.7543
0.6971
0.7719
0.7817
0.7114
0.7744
0.7249
0.8041
0.7538
0.7323
0.7214
0.7842
0.753
0.7817
0.7324
0.6889
0.7649
0.6617
0.7765
0.7708
0.7639
0.799
0.7694
0.7524
0.728
0.723
0.7001
0.711
0.7212
0.7467
0.7703
0.6917
0.7641
0.7513
0.724
0.7177
0.6523
0.7707
0.7215
0.7598
0.7743
0.8007
0.7228
0.8436
0.7102
0.7818
0.7
0.7303
0.7733
0.7867
0.7404
0.7151
0.7484
0.8679
0.6686
0.8609
0.7976
0.7702
0.6969
0.7112
0.7735
0.7456
0.7945
0.8223
0.7471
0.7192
0.7684
0.7164
0.702
0.7925
0.6548
0.6706
0.8034
0.7158
0.7571
0.7267
0.7172
0.792
0.6652
0.8244
0.7691
0.7659
0.818
0.7698
0.7337
0.8686
0.6764
0.6936
0.7828
0.7813
0.721
0.6861
0.7911
0.7097
0.8485
0.7395
0.7041
0.7669
0.7868
0.7353
0.7457
0.7941
0.8227
0.6912
0.8173
0.7602
0.7482
0.7305
0.803
0.8101
0.7659
