0.8018
0.8005
0.8649
0.754
0.8018
0.7025
0.777
0.7461
0.885
0.8145
0.7087
0.7531
0.8056
0.8398
0.802
0.7856
0.8227
0.8344
0.6792
0.8388
0.7271
0.7763
0.777
0.7436
0.7408
0.7769
0.8549
0.8264
0.8466
0.8208
0.832
0.8133
0.6931
0.8765
0.7887
0.8216
0.843
0.722
0.8213
0.7564
0.7909
0.8894
0.815
0.7647
0.8081
0.8556
0.8437
0.7883
0.8108
0.8891
0.7843
0.7204
0.7466
0.8024
0.7247
0.8814
0.6649
0.8274
0.7529
0.8126
0.822
0.8006
0.7336
0.8463
0.8582
0.6609
0.7464
0.7439
0.831
0.7649
0.8496
0.8419
0.8061
0.8384
0.7773
0.7705
0.699
0.7137
0.8105
0.7561
0.8341
0.8747
0.7821
0.7697
0.7532
0.7863
0.7456
0.7292
0.785
0.8259
0.7362
0.8356
0.7224
0.7919
0.8529
0.8079
0.7817
0.8326
0.7557
0.6683
0.7979
0.8014
0.8097
0.8231
0.7874
0.787
0.6913
0.7588
0.7152
0.8437
0.7116
0.6692
0.6703
0.8778
0.8422
0.8287
0.8061
0.7198
0.8481
0.7388
0.8891
0.7183
0.8022
0.7209
0.768
0.746
0.805
0.8221
0.7717
0.7979
0.761
0.7893
0.7179
0.7979
0.8192
0.7582
0.738
0.7549
0.8876
0.7672
0.8339
0.689
0.814
0.8149
0.7403
0.8539
0.8088
0.763
0.7139
0.7253
0.709
0.8005
0.8467
0.8425
0.7941
0.7361
0.7881
0.647
0.8191
0.6478
0.6788
0.8581
0.7648
0.8269
0.8478
0.7843
0.7782
0.7896
0.8849
0.747
0.7676
0.868
0.776
0.8074
0.642
0.6737
0.7104
0.8229
0.7556
0.7322
0.7316
0.7176
0.8269
0.8384
0.7568
0.7825
0.7645
0.8002
0.7695
0.7524
0.8621
0.8529
0.7743
0.7306
0.8055
0.7255
0.8134
0.6976
0.7191
0.7688
0.8409
0.8193
0.9195
0.6943
0.736
0.7436
0.7939
0.8305
0.8705
0.7646
0.7342
0.8227
0.7624
0.7454
0.8072
0.7093
0.7539
0.7044
0.8771
0.7683
0.7265
0.7639
0.7531
0.7474
0.8738
0.8242
0.7831
0.7712
0.8052
0.7017
0.777
0.7538
0.7833
0.6652
0.7911
0.7617
0.9187
0.6331
0.8159
0.833
0.7513
0.7992
0.8448
0.8811
0.7584
0.8146
0.7411
0.7904
0.7959
0.7956
0.8178
0.818
0.8766
0.7135
0.6991
0.7823
0.834
0.8016
0.7688
0.8214
0.8306
0.8531
0.8585
0.8642
0.8279
0.697
0.7804
0.7836
0.7247
0.6914
0.8176
0.7444
0.7956
0.7698
0.7961
0.79
0.9014
0.7436
0.8245
0.8026
0.8166
0.7777
0.7704
0.7712
0.7985
0.8718
0.8614
0.6918
0.88
0.7429
0.7672
0.6845
0.8596
0.8512
0.8566
0.7994
0.7768
0.9139
0.7817
0.7513
0.7351
0.7533
0.8717
0.8066
0.736
0.7682
0.6633
0.8158
0.7963
0.7892
0.8342
0.7526
0.8562
0.9051
0.8282
0.8116
0.8533
0.7574
0.8517
0.8563
0.8156
0.8315
0.8056
0.7032
0.8066
0.7627
0.8341
0.7839
0.8501
0.7023
0.7918
0.7517
0.7856
0.8631
0.806
0.7439
0.7335
0.8244
0.7612
0.7884
0.6902
0.6926
0.7833
0.7992
0.8087
