0.9134
0.9395
0.9331
0.9275
0.8233
0.8839
0.8942
0.8982
0.8603
0.8831
0.9571
0.9355
0.9
0.8735
0.7867
0.9411
0.8767
0.9955
0.8981
0.825
0.9234
0.928
1.0
0.8905
0.8638
0.861
0.8308
0.7906
0.8889
0.9633
0.978
0.8755
0.9467
0.8629
0.8773
1.0
0.8145
0.7825
0.9275
0.9612
0.9757
0.816
0.9133
0.8972
0.8428
0.9705
0.927
1.0
0.9001
0.8695
0.9525
0.9367
0.9561
0.9037
0.9037
0.9269
0.9483
0.8728
0.8207
0.9205
0.9566
0.909
0.8224
0.937
0.9401
0.9212
0.8219
0.8826
0.8638
0.8998
0.8211
0.9257
0.9892
0.9497
0.8807
0.8461
0.8622
0.9241
0.9178
0.7751
0.914
0.9168
0.9681
0.9316
0.9624
0.9417
0.8338
0.8907
0.9218
0.839
0.8858
0.9859
0.8836
0.9828
0.97
0.9197
0.8841
0.7893
0.8357
0.9749
0.8613
0.8671
0.9405
0.9819
0.9662
0.9569
0.8942
0.9095
0.9355
0.8978
0.8313
0.9369
0.8162
0.9444
0.9075
0.9395
0.9128
0.8991
0.8621
0.9321
0.9736
0.9266
0.7969
0.9674
0.7732
0.9267
0.9038
0.8919
0.8859
0.9255
0.7896
0.9574
0.9282
0.8341
0.9179
0.8297
0.8975
0.9583
0.9438
0.84
0.8843
0.9072
0.9734
0.9688
0.9434
0.9496
0.8072
0.6635
0.8887
0.794
0.872
0.9408
0.9611
0.9712
0.9412
0.8791
0.9082
0.8858
0.8995
0.8886
0.7947
0.907
0.9797
0.8925
0.811
0.9502
0.8874
0.8743
0.9426
0.8327
0.9156
0.8537
0.8844
0.863
0.9339
0.9212
0.9238
0.8507
0.9469
0.9425
0.8465
0.894
0.9904
0.9731
0.8704
0.9799
1.0
0.9437
1.0
0.8714
0.9265
0.8431
0.8359
0.9211
0.9646
0.8668
0.8511
0.8558
0.9622
0.9221
0.8197
0.9217
0.8819
0.8402
0.9543
0.8103
0.8233
0.8171
1.0
0.7518
0.8772
0.9425
0.9339
0.9325
0.886
0.932
0.9458
0.8243
0.984
0.9673
1.0
0.9404
0.9748
0.933
0.9041
0.9387
0.7646
0.9058
0.9895
0.9427
0.9225
0.8895
0.9269
0.8905
0.85
0.8832
0.9079
0.9505
0.9552
0.971
0.9489
0.9028
0.9358
0.8625
0.9551
0.8034
0.9337
0.8603
0.91
0.9343
0.8472
0.807
0.9591
0.9219
0.9306
0.8582
0.9329
0.9115
0.8252
0.9406
0.8806
0.8294
0.8838
0.9504
0.8867
0.9575
0.8985
0.9723
0.945
0.8475
0.9772
0.9352
0.9129
0.8848
0.8596
1.0
0.8941
0.9462
0.9749
0.9221
0.8994
0.7878
0.9592
0.8983
0.9374
0.809
0.9474
0.8868
0.8857
0.9047
0.8511
0.8835
0.917
0.8588
0.9603
0.8891
0.9289
0.8816
0.9195
0.8711
0.9189
0.8898
0.8569
0.9104
0.8078
0.8758
0.7212
0.9
0.893
0.9486
0.8808
1.0
0.9563
0.8874
0.88
0.8904
0.92
0.9548
0.9281
0.9503
0.9342
0.9345
0.9502
0.9378
0.9463
0.9905
0.8933
0.8597
0.9383
0.8605
0.8596
0.9277
0.9857
0.9804
0.9138
0.9197
0.9446
0.8244
0.8929
0.8712
0.8754
0.9004
0.8473
0.9132
0.9787
