gid  Case
1    0       0.429156
     1       0.369563
     2       0.370781
     3       0.364625
     4       0.367063
     5       0.433573
     6       0.306281
     7       0.341175
     8       0.295148
2    0       0.495143
     1       0.472517
     2       0.449030
     3       0.426252
     4       0.416588
     5       0.578484
     6       0.407113
     7       0.345837
     8       0.318320
3    0       0.513333
     1       0.461091
     2       0.417192
     3       0.389583
     4       0.375401
     5       0.513066
     6       0.383101
     7       0.363746
     8       0.338849
4    0       0.492502
     1       0.472556
     2       0.459932
     3       0.448574
     4       0.449699
     5       0.524376
     6       0.432249
     7       0.366399
     8       0.360266
5    0       0.478375
     1       0.422031
     2       0.425656
     3       0.423406
     4       0.422031
     5       0.474323
     6       0.365531
     7       0.408960
     8       0.395515
Name: DOR, dtype: float64
gid  Case
1    0       0.429156
     1       0.369563
     2       0.370781
     3       0.364625
     4       0.367063
     5       0.433573
     6       0.306281
     7       0.341175
     8       0.295148
2    0       0.495143
     1       0.472517
     2       0.449030
     3       0.426252
     4       0.416588
     5       0.578484
     6       0.407113
     7       0.345837
     8       0.318320
3    0       0.513333
     1       0.461091
     2       0.417192
     3       0.389583
     4       0.375401
     5       0.513066
     6       0.383101
     7       0.363746
     8       0.338849
4    0       0.492502
     1       0.472556
     2       0.459932
     3       0.448574
     4       0.449699
     5       0.524376
     6       0.432249
     7       0.366399
     8       0.360266
5    0       0.478375
     1       0.422031
     2       0.425656
     3       0.423406
     4       0.422031
     5       0.474323
     6       0.365531
     7       0.408960
     8       0.395515
Name: DOR, dtype: float64
gid  Case
1    0       0.429156
     1       0.369563
     2       0.370781
     3       0.364625
     4       0.367063
     5       0.433573
     6       0.306281
     7       0.341175
     8       0.295148
2    0       0.495143
     1       0.472517
     2       0.449030
     3       0.426252
     4       0.416588
     5       0.578484
     6       0.407113
     7       0.345837
     8       0.318320
3    0       0.513333
     1       0.461091
     2       0.417192
     3       0.389583
     4       0.375401
     5       0.513066
     6       0.383101
     7       0.363746
     8       0.338849
4    0       0.492502
     1       0.472556
     2       0.459932
     3       0.448574
     4       0.449699
     5       0.524376
     6       0.432249
     7       0.366399
     8       0.360266
5    0       0.478375
     1       0.422031
     2       0.425656
     3       0.423406
     4       0.422031
     5       0.474323
     6       0.365531
     7       0.408960
     8       0.395515
Name: DOR, dtype: float64
