gid  Case
1    0       0.631923
     1       0.664486
     2       0.666184
     3       0.662824
     4       0.665039
     5       0.725943
     6       0.546178
     7       0.404857
     8       0.355398
2    0       0.828862
     1       0.824914
     2       0.817738
     3       0.795452
     4       0.808007
     5       0.861004
     6       0.760517
     7       0.714618
     8       0.683550
3    0       0.815378
     1       0.808763
     2       0.799900
     3       0.794029
     4       0.787311
     5       0.847041
     6       0.759669
     7       0.726696
     8       0.702434
4    0       0.766911
     1       0.768842
     2       0.744021
     3       0.747265
     4       0.747666
     5       0.797325
     6       0.682517
     7       0.632286
     8       0.598303
5    0       0.654429
     1       0.675900
     2       0.665911
     3       0.674503
     4       0.669483
     5       0.742866
     6       0.587247
     7       0.544516
     8       0.519666
Name: EDER, dtype: float64
gid  Case
1    0       0.631923
     1       0.664486
     2       0.666184
     3       0.662824
     4       0.665039
     5       0.725943
     6       0.546178
     7       0.404857
     8       0.355398
2    0       0.828862
     1       0.824914
     2       0.817738
     3       0.795452
     4       0.808007
     5       0.861004
     6       0.760517
     7       0.714618
     8       0.683550
3    0       0.815378
     1       0.808763
     2       0.799900
     3       0.794029
     4       0.787311
     5       0.847041
     6       0.759669
     7       0.726696
     8       0.702434
4    0       0.766911
     1       0.768842
     2       0.744021
     3       0.747265
     4       0.747666
     5       0.797325
     6       0.682517
     7       0.632286
     8       0.598303
5    0       0.654429
     1       0.675900
     2       0.665911
     3       0.674503
     4       0.669483
     5       0.742866
     6       0.587247
     7       0.544516
     8       0.519666
Name: EDER, dtype: float64
gid  Case
1    0       0.631923
     1       0.664486
     2       0.666184
     3       0.662824
     4       0.665039
     5       0.725943
     6       0.546178
     7       0.404857
     8       0.355398
2    0       0.828862
     1       0.824914
     2       0.817738
     3       0.795452
     4       0.808007
     5       0.861004
     6       0.760517
     7       0.714618
     8       0.683550
3    0       0.815378
     1       0.808763
     2       0.799900
     3       0.794029
     4       0.787311
     5       0.847041
     6       0.759669
     7       0.726696
     8       0.702434
4    0       0.766911
     1       0.768842
     2       0.744021
     3       0.747265
     4       0.747666
     5       0.797325
     6       0.682517
     7       0.632286
     8       0.598303
5    0       0.654429
     1       0.675900
     2       0.665911
     3       0.674503
     4       0.669483
     5       0.742866
     6       0.587247
     7       0.544516
     8       0.519666
Name: EDER, dtype: float64
