gid  Type  Case
1    CPF   0       0.650283
           1       0.473452
           2       0.357531
           3       0.285321
           4       0.238021
           5       0.355962
           6       0.353972
           7       0.355447
           8       0.356138
     ICRB  0       0.647228
           1       0.475964
           2       0.359348
           3       0.286698
           4       0.238999
           5       0.353227
           6       0.355524
           7       0.353408
           8       0.352285
     Rand  0       0.643820
           1       0.469861
           2       0.354747
           3       0.283196
           4       0.236032
           5       0.353146
           6       0.352952
           7       0.353946
           8       0.354675
     STO   0       0.647519
           1       0.468443
           2       0.353718
                     ...   
5    CPF   6       0.355388
           7       0.355595
           8       0.356702
     ICRB  0       0.646583
           1       0.475841
           2       0.356954
           3       0.284604
           4       0.237514
           5       0.352995
           6       0.355934
           7       0.355000
           8       0.355511
     Rand  0       0.642071
           1       0.471655
           2       0.353960
           3       0.282500
           4       0.236002
           5       0.352576
           6       0.352892
           7       0.353329
           8       0.353635
     STO   0       0.645943
           1       0.472064
           2       0.354146
           3       0.282485
           4       0.236233
           5       0.354182
           6       0.354144
           7       0.354390
           8       0.354405
Name: Total Pct., Length: 180, dtype: float64 gid  Type  Case
1    CPF   0       0.448873
           1       0.330259
           2       0.250328
           3       0.199810
           4       0.166968
           5       0.241436
           6       0.258156
           7       0.268652
           8       0.270329
     ICRB  0       0.439891
           1       0.322012
           2       0.244033
           3       0.195032
           4       0.162986
           5       0.246994
           6       0.246779
           7       0.257231
           8       0.261522
     Rand  0       0.419612
           1       0.317149
           2       0.239816
           3       0.191788
           4       0.160025
           5       0.234840
           6       0.241898
           7       0.246586
           8       0.249370
     STO   0       0.427672
           1       0.323187
           2       0.244812
                     ...   
5    CPF   6       0.255025
           7       0.257440
           8       0.259544
     ICRB  0       0.441578
           1       0.327684
           2       0.246740
           3       0.195574
           4       0.163964
           5       0.246700
           6       0.248634
           7       0.251242
           8       0.253424
     Rand  0       0.414845
           1       0.317865
           2       0.238602
           3       0.189592
           4       0.159211
           5       0.234390
           6       0.240733
           7       0.241651
           8       0.243688
     STO   0       0.423385
           1       0.323474
           2       0.243287
           3       0.193380
           4       0.162224
           5       0.238009
           6       0.247354
           7       0.249231
           8       0.251274
Name: Calculation Pct., Length: 180, dtype: float64
gid  Type  Case
1    CPF   0       0.650283
           1       0.473452
           2       0.357531
           3       0.285321
           4       0.238021
           5       0.355962
           6       0.353972
           7       0.355447
           8       0.356138
     ICRB  0       0.647228
           1       0.475964
           2       0.359348
           3       0.286698
           4       0.238999
           5       0.353227
           6       0.355524
           7       0.353408
           8       0.352285
     Rand  0       0.643820
           1       0.469861
           2       0.354747
           3       0.283196
           4       0.236032
           5       0.353146
           6       0.352952
           7       0.353946
           8       0.354675
     STO   0       0.647519
           1       0.468443
           2       0.353718
                     ...   
5    CPF   6       0.355388
           7       0.355595
           8       0.356702
     ICRB  0       0.646583
           1       0.475841
           2       0.356954
           3       0.284604
           4       0.237514
           5       0.352995
           6       0.355934
           7       0.355000
           8       0.355511
     Rand  0       0.642071
           1       0.471655
           2       0.353960
           3       0.282500
           4       0.236002
           5       0.352576
           6       0.352892
           7       0.353329
           8       0.353635
     STO   0       0.645943
           1       0.472064
           2       0.354146
           3       0.282485
           4       0.236233
           5       0.354182
           6       0.354144
           7       0.354390
           8       0.354405
Name: Total Pct., Length: 180, dtype: float64 gid  Type  Case
1    CPF   0       0.448873
           1       0.330259
           2       0.250328
           3       0.199810
           4       0.166968
           5       0.241436
           6       0.258156
           7       0.268652
           8       0.270329
     ICRB  0       0.439891
           1       0.322012
           2       0.244033
           3       0.195032
           4       0.162986
           5       0.246994
           6       0.246779
           7       0.257231
           8       0.261522
     Rand  0       0.419612
           1       0.317149
           2       0.239816
           3       0.191788
           4       0.160025
           5       0.234840
           6       0.241898
           7       0.246586
           8       0.249370
     STO   0       0.427672
           1       0.323187
           2       0.244812
                     ...   
5    CPF   6       0.255025
           7       0.257440
           8       0.259544
     ICRB  0       0.441578
           1       0.327684
           2       0.246740
           3       0.195574
           4       0.163964
           5       0.246700
           6       0.248634
           7       0.251242
           8       0.253424
     Rand  0       0.414845
           1       0.317865
           2       0.238602
           3       0.189592
           4       0.159211
           5       0.234390
           6       0.240733
           7       0.241651
           8       0.243688
     STO   0       0.423385
           1       0.323474
           2       0.243287
           3       0.193380
           4       0.162224
           5       0.238009
           6       0.247354
           7       0.249231
           8       0.251274
Name: Calculation Pct., Length: 180, dtype: float64
gid  Type  Case
1    CPF   0       0.650283
           1       0.473452
           2       0.357531
           3       0.285321
           4       0.238021
           5       0.355962
           6       0.353972
           7       0.355447
           8       0.356138
     ICRB  0       0.647228
           1       0.475964
           2       0.359348
           3       0.286698
           4       0.238999
           5       0.353227
           6       0.355524
           7       0.353408
           8       0.352285
     Rand  0       0.643820
           1       0.469861
           2       0.354747
           3       0.283196
           4       0.236032
           5       0.353146
           6       0.352952
           7       0.353946
           8       0.354675
     STO   0       0.647519
           1       0.468443
           2       0.353718
                     ...   
5    CPF   6       0.355388
           7       0.355595
           8       0.356702
     ICRB  0       0.646583
           1       0.475841
           2       0.356954
           3       0.284604
           4       0.237514
           5       0.352995
           6       0.355934
           7       0.355000
           8       0.355511
     Rand  0       0.642071
           1       0.471655
           2       0.353960
           3       0.282500
           4       0.236002
           5       0.352576
           6       0.352892
           7       0.353329
           8       0.353635
     STO   0       0.645943
           1       0.472064
           2       0.354146
           3       0.282485
           4       0.236233
           5       0.354182
           6       0.354144
           7       0.354390
           8       0.354405
Name: Total Pct., Length: 180, dtype: float64 gid  Type  Case
1    CPF   0       0.448873
           1       0.330259
           2       0.250328
           3       0.199810
           4       0.166968
           5       0.241436
           6       0.258156
           7       0.268652
           8       0.270329
     ICRB  0       0.439891
           1       0.322012
           2       0.244033
           3       0.195032
           4       0.162986
           5       0.246994
           6       0.246779
           7       0.257231
           8       0.261522
     Rand  0       0.419612
           1       0.317149
           2       0.239816
           3       0.191788
           4       0.160025
           5       0.234840
           6       0.241898
           7       0.246586
           8       0.249370
     STO   0       0.427672
           1       0.323187
           2       0.244812
                     ...   
5    CPF   6       0.255025
           7       0.257440
           8       0.259544
     ICRB  0       0.441578
           1       0.327684
           2       0.246740
           3       0.195574
           4       0.163964
           5       0.246700
           6       0.248634
           7       0.251242
           8       0.253424
     Rand  0       0.414845
           1       0.317865
           2       0.238602
           3       0.189592
           4       0.159211
           5       0.234390
           6       0.240733
           7       0.241651
           8       0.243688
     STO   0       0.423385
           1       0.323474
           2       0.243287
           3       0.193380
           4       0.162224
           5       0.238009
           6       0.247354
           7       0.249231
           8       0.251274
Name: Calculation Pct., Length: 180, dtype: float64
