gid  Type  Case
1    CPF   0       0.004205
           1       0.004496
           2       0.004725
           3       0.004954
           4       0.005196
           5       0.004729
           6       0.004746
           7       0.004745
           8       0.004729
     ICRB  0       0.004048
           1       0.004323
           2       0.004570
           3       0.004798
           4       0.005042
           5       0.004559
           6       0.004593
           7       0.004582
           8       0.004589
     Rand  0       0.003927
           1       0.004195
           2       0.004440
           3       0.004669
           4       0.004912
           5       0.004437
           6       0.004463
           7       0.004451
           8       0.004459
     STO   0       0.003889
           1       0.004158
           2       0.004403
                     ...   
5    CPF   6       0.004506
           7       0.004516
           8       0.004498
     ICRB  0       0.003846
           1       0.004080
           2       0.004292
           3       0.004544
           4       0.004758
           5       0.004298
           6       0.004362
           7       0.004366
           8       0.004355
     Rand  0       0.003731
           1       0.003959
           2       0.004172
           3       0.004421
           4       0.004636
           5       0.004179
           6       0.004238
           7       0.004242
           8       0.004232
     STO   0       0.003697
           1       0.003926
           2       0.004138
           3       0.004389
           4       0.004604
           5       0.004152
           6       0.004201
           7       0.004203
           8       0.004192
Name: Time, Length: 180, dtype: float64 gid  Type  Case
1    CPF   0       0.002367
           1       0.002598
           2       0.002815
           3       0.003022
           4       0.003236
           5       0.002827
           6       0.002833
           7       0.002825
           8       0.002829
     ICRB  0       0.002367
           1       0.002598
           2       0.002815
           3       0.003022
           4       0.003236
           5       0.002827
           6       0.002833
           7       0.002825
           8       0.002829
     Rand  0       0.002367
           1       0.002598
           2       0.002815
           3       0.003022
           4       0.003236
           5       0.002827
           6       0.002833
           7       0.002825
           8       0.002829
     STO   0       0.002367
           1       0.002598
           2       0.002815
                     ...   
5    CPF   6       0.002700
           7       0.002707
           8       0.002699
     ICRB  0       0.002258
           1       0.002457
           2       0.002647
           3       0.002864
           4       0.003058
           5       0.002664
           6       0.002700
           7       0.002707
           8       0.002699
     Rand  0       0.002258
           1       0.002457
           2       0.002647
           3       0.002864
           4       0.003058
           5       0.002664
           6       0.002700
           7       0.002707
           8       0.002699
     STO   0       0.002258
           1       0.002457
           2       0.002647
           3       0.002864
           4       0.003058
           5       0.002664
           6       0.002700
           7       0.002707
           8       0.002699
Name: Heft Time, Length: 180, dtype: float64
gid  Type  Case
1    CPF   0       0.004205
           1       0.004496
           2       0.004725
           3       0.004954
           4       0.005196
           5       0.004729
           6       0.004746
           7       0.004745
           8       0.004729
     ICRB  0       0.004048
           1       0.004323
           2       0.004570
           3       0.004798
           4       0.005042
           5       0.004559
           6       0.004593
           7       0.004582
           8       0.004589
     Rand  0       0.003927
           1       0.004195
           2       0.004440
           3       0.004669
           4       0.004912
           5       0.004437
           6       0.004463
           7       0.004451
           8       0.004459
     STO   0       0.003889
           1       0.004158
           2       0.004403
                     ...   
5    CPF   6       0.004506
           7       0.004516
           8       0.004498
     ICRB  0       0.003846
           1       0.004080
           2       0.004292
           3       0.004544
           4       0.004758
           5       0.004298
           6       0.004362
           7       0.004366
           8       0.004355
     Rand  0       0.003731
           1       0.003959
           2       0.004172
           3       0.004421
           4       0.004636
           5       0.004179
           6       0.004238
           7       0.004242
           8       0.004232
     STO   0       0.003697
           1       0.003926
           2       0.004138
           3       0.004389
           4       0.004604
           5       0.004152
           6       0.004201
           7       0.004203
           8       0.004192
Name: Time, Length: 180, dtype: float64 gid  Type  Case
1    CPF   0       0.002367
           1       0.002598
           2       0.002815
           3       0.003022
           4       0.003236
           5       0.002827
           6       0.002833
           7       0.002825
           8       0.002829
     ICRB  0       0.002367
           1       0.002598
           2       0.002815
           3       0.003022
           4       0.003236
           5       0.002827
           6       0.002833
           7       0.002825
           8       0.002829
     Rand  0       0.002367
           1       0.002598
           2       0.002815
           3       0.003022
           4       0.003236
           5       0.002827
           6       0.002833
           7       0.002825
           8       0.002829
     STO   0       0.002367
           1       0.002598
           2       0.002815
                     ...   
5    CPF   6       0.002700
           7       0.002707
           8       0.002699
     ICRB  0       0.002258
           1       0.002457
           2       0.002647
           3       0.002864
           4       0.003058
           5       0.002664
           6       0.002700
           7       0.002707
           8       0.002699
     Rand  0       0.002258
           1       0.002457
           2       0.002647
           3       0.002864
           4       0.003058
           5       0.002664
           6       0.002700
           7       0.002707
           8       0.002699
     STO   0       0.002258
           1       0.002457
           2       0.002647
           3       0.002864
           4       0.003058
           5       0.002664
           6       0.002700
           7       0.002707
           8       0.002699
Name: Heft Time, Length: 180, dtype: float64
gid  Type  Case
1    CPF   0       0.004205
           1       0.004496
           2       0.004725
           3       0.004954
           4       0.005196
           5       0.004729
           6       0.004746
           7       0.004745
           8       0.004729
     ICRB  0       0.004048
           1       0.004323
           2       0.004570
           3       0.004798
           4       0.005042
           5       0.004559
           6       0.004593
           7       0.004582
           8       0.004589
     Rand  0       0.003927
           1       0.004195
           2       0.004440
           3       0.004669
           4       0.004912
           5       0.004437
           6       0.004463
           7       0.004451
           8       0.004459
     STO   0       0.003889
           1       0.004158
           2       0.004403
                     ...   
5    CPF   6       0.004506
           7       0.004516
           8       0.004498
     ICRB  0       0.003846
           1       0.004080
           2       0.004292
           3       0.004544
           4       0.004758
           5       0.004298
           6       0.004362
           7       0.004366
           8       0.004355
     Rand  0       0.003731
           1       0.003959
           2       0.004172
           3       0.004421
           4       0.004636
           5       0.004179
           6       0.004238
           7       0.004242
           8       0.004232
     STO   0       0.003697
           1       0.003926
           2       0.004138
           3       0.004389
           4       0.004604
           5       0.004152
           6       0.004201
           7       0.004203
           8       0.004192
Name: Time, Length: 180, dtype: float64 gid  Type  Case
1    CPF   0       0.002367
           1       0.002598
           2       0.002815
           3       0.003022
           4       0.003236
           5       0.002827
           6       0.002833
           7       0.002825
           8       0.002829
     ICRB  0       0.002367
           1       0.002598
           2       0.002815
           3       0.003022
           4       0.003236
           5       0.002827
           6       0.002833
           7       0.002825
           8       0.002829
     Rand  0       0.002367
           1       0.002598
           2       0.002815
           3       0.003022
           4       0.003236
           5       0.002827
           6       0.002833
           7       0.002825
           8       0.002829
     STO   0       0.002367
           1       0.002598
           2       0.002815
                     ...   
5    CPF   6       0.002700
           7       0.002707
           8       0.002699
     ICRB  0       0.002258
           1       0.002457
           2       0.002647
           3       0.002864
           4       0.003058
           5       0.002664
           6       0.002700
           7       0.002707
           8       0.002699
     Rand  0       0.002258
           1       0.002457
           2       0.002647
           3       0.002864
           4       0.003058
           5       0.002664
           6       0.002700
           7       0.002707
           8       0.002699
     STO   0       0.002258
           1       0.002457
           2       0.002647
           3       0.002864
           4       0.003058
           5       0.002664
           6       0.002700
           7       0.002707
           8       0.002699
Name: Heft Time, Length: 180, dtype: float64
