gid  Case
1    0       0.004017
     1       0.004293
     2       0.004534
     3       0.004763
     4       0.005006
     5       0.004533
     6       0.004556
     7       0.004546
     8       0.004548
2    0       0.019609
     1       0.020909
     2       0.020637
     3       0.021222
     4       0.021669
     5       0.020060
     6       0.020657
     7       0.021274
     8       0.021196
3    0       0.029164
     1       0.030065
     2       0.030694
     3       0.031049
     4       0.031850
     5       0.029608
     6       0.026910
     7       0.027095
     8       0.026851
4    0       0.009108
     1       0.009495
     2       0.009799
     3       0.010213
     4       0.010585
     5       0.009825
     6       0.009824
     7       0.009864
     8       0.009836
5    0       0.003818
     1       0.004047
     2       0.004264
     3       0.004511
     4       0.004726
     5       0.004270
     6       0.004327
     7       0.004332
     8       0.004319
Name: Time, dtype: float64
gid  Case
1    0       0.004017
     1       0.004293
     2       0.004534
     3       0.004763
     4       0.005006
     5       0.004533
     6       0.004556
     7       0.004546
     8       0.004548
2    0       0.019609
     1       0.020909
     2       0.020637
     3       0.021222
     4       0.021669
     5       0.020060
     6       0.020657
     7       0.021274
     8       0.021196
3    0       0.029164
     1       0.030065
     2       0.030694
     3       0.031049
     4       0.031850
     5       0.029608
     6       0.026910
     7       0.027095
     8       0.026851
4    0       0.009108
     1       0.009495
     2       0.009799
     3       0.010213
     4       0.010585
     5       0.009825
     6       0.009824
     7       0.009864
     8       0.009836
5    0       0.003818
     1       0.004047
     2       0.004264
     3       0.004511
     4       0.004726
     5       0.004270
     6       0.004327
     7       0.004332
     8       0.004319
Name: Time, dtype: float64
gid  Case
1    0       0.004017
     1       0.004293
     2       0.004534
     3       0.004763
     4       0.005006
     5       0.004533
     6       0.004556
     7       0.004546
     8       0.004548
2    0       0.019609
     1       0.020909
     2       0.020637
     3       0.021222
     4       0.021669
     5       0.020060
     6       0.020657
     7       0.021274
     8       0.021196
3    0       0.029164
     1       0.030065
     2       0.030694
     3       0.031049
     4       0.031850
     5       0.029608
     6       0.026910
     7       0.027095
     8       0.026851
4    0       0.009108
     1       0.009495
     2       0.009799
     3       0.010213
     4       0.010585
     5       0.009825
     6       0.009824
     7       0.009864
     8       0.009836
5    0       0.003818
     1       0.004047
     2       0.004264
     3       0.004511
     4       0.004726
     5       0.004270
     6       0.004327
     7       0.004332
     8       0.004319
Name: Time, dtype: float64
